1 1 0.13456974368324465
1 2 0.13045488470312988
1 3 0.11831858079332847
1 4 0.13174398047686275
1 5 0.16174897285475665
1 6 0.16122067724967637
1 7 0.17097395894448336
1 8 0.11746274870210184
1 9 0.11018123459276383
1 10 0.1069487309592275
1 11 0.09907642062637599
1 12 0.0843290227948497
1 13 0.08153278467988109
1 14 0.06572050139463233
1 15 0.05448877984979452
1 16 0.0992642587482805
1 17 0.019364263149514397
1 18 0.06478618933969559
1 19 0.05656042057454827
1 20 0.05968602374738537
2 1 0.13052993108666264
2 2 0.13011757317967482
2 3 0.12538887791837736
2 4 0.10783509335440046
2 5 0.1340691356548004
2 6 0.12179496593380985
2 7 0.12515865182543293
2 8 0.09785201632845845
2 9 0.06488123894332617
2 10 0.08820032497251734
2 11 0.06916762512695956
2 12 0.06555422353472164
2 13 0.08846027156078237
2 14 0.07997081004240847
2 15 0.05623726719869185
2 16 0.07337880325389444
2 17 0.05127705787520544
2 18 0.05655522889886458
2 19 0.04443953193401528
2 20 0.03926762693706543
3 1 0.12960893365517206
3 2 0.12878771797297922
3 3 0.1269447203020676
3 4 0.13272870161601066
3 5 0.1251399241640414
3 6 0.12137000392645919
3 7 0.10927186449905715
3 8 0.08095649791384961
3 9 0.08438003322838541
3 10 0.05659152425722321
3 11 0.049538455327052464
3 12 0.09452477336169147
3 13 0.05652651858457822
3 14 0.09485182563778892
3 15 0.04163121203158291
3 16 0.08208505970422836
3 17 0.08796977996064693
3 18 0.15537194957624798
3 19 0.05708159553075477
3 20 0.051990071082053994
4 1 0.11877896585939574
4 2 0.13386460379420698
4 3 0.12448004464835394
4 4 0.12451647332726937
4 5 0.13004490461711915
4 6 0.12269208768659257
4 7 0.11276693441762144
4 8 0.11081301677863008
4 9 0.10667850732279632
4 10 0.06355036855417076
4 11 0.09216314273634542
4 12 0.09322015807255195
4 13 0.0480527339849913
4 14 0.06750255546775373
4 15 0.06940232985619313
4 16 0.0404758804227449
4 17 0.08656497427180429
4 18 0.04695729373875039
4 19 0.05618523566006269
4 20 0.1229883590985184
5 1 0.13751129673396564
5 2 0.12993338755809328
5 3 0.14469143819985417
5 4 0.13246628039756997
5 5 0.11648726347233143
5 6 0.13063466047673705
5 7 0.12858974343816248
5 8 0.11568995038435878
5 9 0.1422574042797894
5 10 0.05733302053088907
5 11 0.1653085465965574
5 12 0.04002830557340208
5 13 0.07190695354323864
5 14 0.060013603087113586
5 15 0.04234294871803969
5 16 0.1175537897891056
5 17 0.05162443088395701
5 18 0.05307339994396601
5 19 0.061433129447750076
5 20 0.06659031821518974
6 1 0.13180842194920298
6 2 0.1317653289683365
6 3 0.1354108308144129
6 4 0.12286752451957322
6 5 0.1428724337551693
6 6 0.13279713133160248
6 7 0.1289896995715683
6 8 0.12189402915019647
6 9 0.10183161663278753
6 10 0.09047933314219807
6 11 0.1362538231306804
6 12 0.09968098946522874
6 13 0.11409749909264282
6 14 0.05852972247274753
6 15 0.0949364922836492
6 16 0.04433732804618502
6 17 0.13972772005804168
6 18 0.06542123797493234
6 19 0.0752435445733144
6 20 0.1186799832921934
7 1 0.1283969775234201
7 2 0.13841583711603533
7 3 0.0
7 4 0.0
7 5 0.0
7 6 0.0
7 7 0.0
7 8 0.0
7 9 0.0
7 10 0.0
7 11 0.0
7 12 0.0
7 13 0.0
7 14 0.0
7 15 0.0
7 16 0.0
7 17 0.0
7 18 0.0
7 19 0.0
7 20 0.0
8 1 0.0
8 2 0.0
8 3 0.0
8 4 0.0
8 5 0.0
8 6 0.0
8 7 0.0
8 8 0.0
8 9 0.0
8 10 0.0
8 11 0.0
8 12 0.0
8 13 0.0
8 14 0.0
8 15 0.0
8 16 0.0
8 17 0.0
8 18 0.0
8 19 0.0
8 20 0.0
9 1 0.0
9 2 0.0
9 3 0.0
9 4 0.0
9 5 0.0
9 6 0.0
9 7 0.0
9 8 0.0
9 9 0.0
9 10 0.0
9 11 0.0
9 12 0.0
9 13 0.0
9 14 0.0
9 15 0.0
9 16 0.0
9 17 0.0
9 18 0.0
9 19 0.0
9 20 0.0
10 1 0.0
10 2 0.0
10 3 0.0
10 4 0.0
10 5 0.0
10 6 0.0
10 7 0.0
10 8 0.0
10 9 0.0
10 10 0.0
10 11 0.0
10 12 0.0
10 13 0.0
10 14 0.0
10 15 0.0
10 16 0.0
10 17 0.0
10 18 0.0
10 19 0.0
10 20 0.0
11 1 0.0
11 2 0.0
11 3 0.0
11 4 0.0
11 5 0.0
11 6 0.0
11 7 0.0
11 8 0.0
11 9 0.0
11 10 0.0
11 11 0.0
11 12 0.0
11 13 0.0
11 14 0.0
11 15 0.0
11 16 0.0
11 17 0.0
11 18 0.0
11 19 0.0
11 20 0.0
12 1 0.0
12 2 0.0
12 3 0.0
12 4 0.0
12 5 0.0
12 6 0.0
12 7 0.0
12 8 0.0
12 9 0.0
12 10 0.0
12 11 0.0
12 12 0.0
12 13 0.0
12 14 0.0
12 15 0.0
12 16 0.0
12 17 0.0
12 18 0.0
12 19 0.0
12 20 0.0
13 1 0.0
13 2 0.0
13 3 0.0
13 4 0.0
13 5 0.0
13 6 0.0
13 7 0.0
13 8 0.0
13 9 0.0
13 10 0.0
13 11 0.0
13 12 0.0
13 13 0.0
13 14 0.0
13 15 0.0
13 16 0.0
13 17 0.0
13 18 0.0
13 19 0.0
13 20 0.0
14 1 0.0
14 2 0.0
14 3 0.0
14 4 0.0
14 5 0.0
14 6 0.0
14 7 0.0
14 8 0.0
14 9 0.0
14 10 0.0
14 11 0.0
14 12 0.0
14 13 0.0
14 14 0.0
14 15 0.0
14 16 0.0
14 17 0.0
14 18 0.0
14 19 0.0
14 20 0.0
15 1 0.0
15 2 0.0
15 3 0.0
15 4 0.0
15 5 0.0
15 6 0.0
15 7 0.0
15 8 0.0
15 9 0.0
15 10 0.0
15 11 0.0
15 12 0.0
15 13 0.0
15 14 0.0
15 15 0.0
15 16 0.0
15 17 0.0
15 18 0.0
15 19 0.0
15 20 0.0
16 1 0.0
16 2 0.0
16 3 0.0
16 4 0.0
16 5 0.0
16 6 0.0
16 7 0.0
16 8 0.0
16 9 0.0
16 10 0.0
16 11 0.0
16 12 0.0
16 13 0.0
16 14 0.0
16 15 0.0
16 16 0.0
16 17 0.0
16 18 0.0
16 19 0.0
16 20 0.0
17 1 0.0
17 2 0.0
17 3 0.0
17 4 0.0
17 5 0.0
17 6 0.0
17 7 0.0
17 8 0.0
17 9 0.0
17 10 0.0
17 11 0.0
17 12 0.0
17 13 0.0
17 14 0.0
17 15 0.0
17 16 0.0
17 17 0.0
17 18 0.0
17 19 0.0
17 20 0.0
18 1 0.0
18 2 0.0
18 3 0.0
18 4 0.0
18 5 0.0
18 6 0.0
18 7 0.0
18 8 0.0
18 9 0.0
18 10 0.0
18 11 0.0
18 12 0.0
18 13 0.0
18 14 0.0
18 15 0.0
18 16 0.0
18 17 0.0
18 18 0.0
18 19 0.0
18 20 0.0
19 1 0.0
19 2 0.0
19 3 0.0
19 4 0.0
19 5 0.0
19 6 0.0
19 7 0.0
19 8 0.0
19 9 0.0
19 10 0.0
19 11 0.0
19 12 0.0
19 13 0.0
19 14 0.0
19 15 0.0
19 16 0.0
19 17 0.0
19 18 0.0
19 19 0.0
19 20 0.0
20 1 0.0
20 2 0.0
20 3 0.0
20 4 0.0
20 5 0.0
20 6 0.0
20 7 0.0
20 8 0.0
20 9 0.0
20 10 0.0
20 11 0.0
20 12 0.0
20 13 0.0
20 14 0.0
20 15 0.0
20 16 0.0
20 17 0.0
20 18 0.0
20 19 0.0
20 20 0.0
