10.5 10.5 0.12817981895166244
10.5 11.0 0.09575914453372192
10.5 11.5 0.09569276286266368
10.5 12.0 0.08529718061314348
10.5 12.5 0.14357193043301358
10.5 13.0 0.1409316987078767
10.5 13.5 0.25603712242514265
10.5 14.0 0.11546200617007839
10.5 14.5 0.16301313709279
10.5 15.0 0.13608433179621054
10.5 15.5 0.18531259047296034
10.5 16.0 0.11090795481464698
10.5 16.5 0.1368060540737576
10.5 17.0 0.09869766564427421
10.5 17.5 0.01575733876496612
10.5 18.0 0.05533322738448759
10.5 18.5 0.07646191000066727
10.5 19.0 0.1112703627448045
10.5 19.5 0.05082042735624335
10.5 20.0 0.07726596432066096
11.0 10.5 0.14580891444339625
11.0 11.0 0.14568257763059284
11.0 11.5 0.18566667341218782
11.0 12.0 0.09743298774004822
11.0 12.5 0.10854660446613014
11.0 13.0 0.16621169184443046
11.0 13.5 0.07755801144859013
11.0 14.0 0.06554625558656316
11.0 14.5 0.07972455046986245
11.0 15.0 0.06698942795568907
11.0 15.5 0.14825702300188415
11.0 16.0 0.09219345128797515
11.0 16.5 0.08086286874608506
11.0 17.0 0.11637805521792693
11.0 17.5 0.18110962604604425
11.0 18.0 0.13110136110382822
11.0 18.5 0.08331137248353183
11.0 19.0 0.07854207302981338
11.0 19.5 0.10367120924151055
11.0 20.0 0.07423638260100782
11.5 10.5 0.13755522305044676
11.5 11.0 0.20159230378615878
11.5 11.5 0.14231333080440578
11.5 12.0 0.10511659322055401
11.5 12.5 0.1797556916442966
11.5 13.0 0.12019883782224994
11.5 13.5 0.12842291279260382
11.5 14.0 0.2136010699211988
11.5 14.5 0.10718684594208751
11.5 15.0 0.09550151788661745
11.5 15.5 0.09946644084622798
11.5 16.0 0.17467705079665896
11.5 16.5 0.11524147486374588
11.5 17.0 0.118733554918098
11.5 17.5 0.031020352531808567
11.5 18.0 0.07309552582269992
11.5 18.5 0.11289560948085291
11.5 19.0 0.06293293659848109
11.5 19.5 0.16839414329101693
11.5 20.0 0.07501798409335056
12.0 10.5 0.1285040445156806
12.0 11.0 0.09044989070625764
12.0 11.5 0.1860650447604597
12.0 12.0 0.11197234916765525
12.0 12.5 0.05111376311965266
12.0 13.0 0.1258221711504702
12.0 13.5 0.0693620252221948
12.0 14.0 0.17526041272856138
12.0 14.5 0.12422349706141529
12.0 15.0 0.111684292516139
12.0 15.5 0.06602855849228048
12.0 16.0 0.13742913141318336
12.0 16.5 0.1158081245077685
12.0 17.0 0.04447666940345098
12.0 17.5 0.15370994142732386
12.0 18.0 0.0996665993713985
12.0 18.5 0.11376457157366278
12.0 19.0 0.06429419816659385
12.0 19.5 0.044449669038523945
12.0 20.0 0.12852536680139703
12.5 10.5 0.22709548856341175
12.5 11.0 0.07753079768841596
12.5 11.5 0.1096202756347195
12.5 12.0 0.12149746174564896
12.5 12.5 0.1338477862833048
12.5 13.0 0.10336346536801586
12.5 13.5 0.14605454236028143
12.5 14.0 0.17056109533141167
12.5 14.5 0.09486838070274269
12.5 15.0 0.1214855875726708
12.5 15.5 0.13408658986431593
12.5 16.0 0.09068899612947483
12.5 16.5 0.09321550564097647
12.5 17.0 0.09618849186114081
12.5 17.5 0.09429316078557115
12.5 18.0 0.11838831829050837
12.5 18.5 0.13216039997130186
12.5 19.0 0.13764399691926343
12.5 19.5 0.06016215020835193
12.5 20.0 0.05083716346264965
13.0 10.5 0.1597773942209214
13.0 11.0 0.13964939118815467
13.0 11.5 0.10913888864090607
13.0 12.0 0.083635963359489
13.0 12.5 0.0906125512914431
13.0 13.0 0.16770038271876572
13.0 13.5 0.18721143705274185
13.0 14.0 0.07338035915069568
13.0 14.5 0.12424327185201875
13.0 15.0 0.1091070842570316
13.0 15.5 0.16467031115803196
13.0 16.0 0.09582770267804194
13.0 16.5 0.10226106075783051
13.0 17.0 0.2149133559509717
13.0 17.5 0.11151347495292611
13.0 18.0 0.10073458942246001
13.0 18.5 0.15973238913644774
13.0 19.0 0.1445410309491816
13.0 19.5 0.10647680614773682
13.0 20.0 0.09248227149499046
13.5 10.5 0.09372885263096528
13.5 11.0 0.11213984336067183
13.5 11.5 0.10689729856995328
13.5 12.0 0.12425653761648131
13.5 12.5 0.08031492780630366
13.5 13.0 0.1704796857031519
13.5 13.5 0.2009563895298172
13.5 14.0 0.1985096807375906
13.5 14.5 0.0874426307900072
13.5 15.0 0.09893202487755542
13.5 15.5 0.27263660801564094
13.5 16.0 0.1281785622471039
13.5 16.5 0.05140132679935486
13.5 17.0 0.058895163879993134
13.5 17.5 0.12631347159692788
13.5 18.0 0.08732770946549097
13.5 18.5 0.18283514094492553
13.5 19.0 0.096176581320399
13.5 19.5 0.0774276684603117
13.5 20.0 0.05721463087103297
14.0 10.5 0.11958516667713007
14.0 11.0 0.11360599982788483
14.0 11.5 0.1388315776596888
14.0 12.0 0.12027893570939893
14.0 12.5 0.1566477353005161
14.0 13.0 0.12726513026137282
14.0 13.5 0.09449395285175433
14.0 14.0 0.182651453106725
14.0 14.5 0.09311231602524844
14.0 15.0 0.19841437170760604
14.0 15.5 0.13074858266458914
14.0 16.0 0.09232686624443598
14.0 16.5 0.151125831614969
14.0 17.0 0.0965943118595648
14.0 17.5 0.10904729137326787
14.0 18.0 0.0948652095261583
14.0 18.5 0.095669316014848
14.0 19.0 0.13819612113583513
14.0 19.5 0.1713140770206565
14.0 20.0 0.10162762366775721
14.5 10.5 0.1369516955141995
14.5 11.0 0.11397278854350751
14.5 11.5 0.10017921505133068
14.5 12.0 0.10581314670792094
14.5 12.5 0.1469822908982508
14.5 13.0 0.12863574142362066
14.5 13.5 0.12031349660420389
14.5 14.0 0.159132691659158
14.5 14.5 0.15482245305339803
14.5 15.0 0.11249714314337526
14.5 15.5 0.059958311830666175
14.5 16.0 0.10728619590212912
14.5 16.5 0.13699859747854728
14.5 17.0 0.14921747806051516
14.5 17.5 0.06444815762818294
14.5 18.0 0.14809901530747246
14.5 18.5 0.09823894078594397
14.5 19.0 0.12098948837390079
14.5 19.5 0.10982176345902012
14.5 20.0 0.09776934075558351
15.0 10.5 0.09265468894826152
15.0 11.0 0.0994170513818785
15.0 11.5 0.07882292020251444
15.0 12.0 0.17527869897802376
15.0 12.5 0.165721103632155
15.0 13.0 0.1986589595748972
15.0 13.5 0.10205647283981147
15.0 14.0 0.11996288162638567
15.0 14.5 0.054394014662440184
15.0 15.0 0.13098966903827644
15.0 15.5 0.0928912962666984
15.0 16.0 0.22072569136246198
15.0 16.5 0.13740450333156787
15.0 17.0 0.145452754048379
15.0 17.5 0.11810796395460552
15.0 18.0 0.03496051532577124
15.0 18.5 0.14513254821741875
15.0 19.0 0.019267168011134986
15.0 19.5 0.10257461492665268
15.0 20.0 0.07434053647493533
15.5 10.5 0.14851660187333024
15.5 11.0 0.14209746447709354
15.5 11.5 0.11960748262023277
15.5 12.0 0.19581731549836548
15.5 12.5 0.1522559691958703
15.5 13.0 0.10649141233641783
15.5 13.5 0.13592114728004692
15.5 14.0 0.13328577679678313
15.5 14.5 0.17041703731434546
15.5 15.0 0.10337579134917134
15.5 15.5 0.14248188424201438
15.5 16.0 0.13504856775623486
15.5 16.5 0.19267023627112687
15.5 17.0 0.16216185177495254
15.5 17.5 0.12227128510109178
15.5 18.0 0.10113914438510971
15.5 18.5 0.1995449614824065
15.5 19.0 0.07594416860241429
15.5 19.5 0.14242244571470972
15.5 20.0 0.12198975837856935
16.0 10.5 0.15767177114464326
16.0 11.0 0.11877336709824045
16.0 11.5 0.15708774368620837
16.0 12.0 0.10539574265151781
16.0 12.5 0.11665027114707055
16.0 13.0 0.11053648583100467
16.0 13.5 0.09857011600358322
16.0 14.0 0.13938547396600662
16.0 14.5 0.15162002032154434
16.0 15.0 0.20042798529989572
16.0 15.5 0.12881007323695454
16.0 16.0 0.13679887663995488
16.0 16.5 0.139798353861314
16.0 17.0 0.13635989602804405
16.0 17.5 0.06360300306337577
16.0 18.0 0.14434052022193722
16.0 18.5 0.1108366334414763
16.0 19.0 0.10456754463129218
16.0 19.5 0.09476807803343433
16.0 20.0 0.11093604573313487
16.5 10.5 0.11843074978870588
16.5 11.0 0.11301970240983826
16.5 11.5 0.15872900452996136
16.5 12.0 0.06314313259898968
16.5 12.5 0.11990005444819543
16.5 13.0 0.16316700207707385
16.5 13.5 0.08943384019517428
16.5 14.0 0.16291424387420975
16.5 14.5 0.0845359326687218
16.5 15.0 0.08668102983934395
16.5 15.5 0.13182935144674615
16.5 16.0 0.1453714229799437
16.5 16.5 0.11654631270477366
16.5 17.0 0.14699132282984212
16.5 17.5 0.09918624567468365
16.5 18.0 0.17678651393877853
16.5 18.5 0.1352164153566636
16.5 19.0 0.12375994637814246
16.5 19.5 0.09233849425365186
16.5 20.0 0.11667668579221348
17.0 10.5 0.12389763435182904
17.0 11.0 0.13350988855633975
17.0 11.5 0.08993210858950045
17.0 12.0 0.1239593463784453
17.0 12.5 0.16145544019452968
17.0 13.0 0.18394564404051064
17.0 13.5 0.16408330159195322
17.0 14.0 0.16939287582473248
17.0 14.5 0.0956264068245401
17.0 15.0 0.1602683668939818
17.0 15.5 0.1009209114156691
17.0 16.0 0.09505233605523959
17.0 16.5 0.13383875448254545
17.0 17.0 0.11126951255577387
17.0 17.5 0.1551042499245008
17.0 18.0 0.1356826543665182
17.0 18.5 0.09546044401077686
17.0 19.0 0.09729628280495937
17.0 19.5 0.10822514676104532
17.0 20.0 0.14577270490302485
17.5 10.5 0.17476948096128772
17.5 11.0 0.17162217313022032
17.5 11.5 0.2171685023273839
17.5 12.0 0.11481144868456664
17.5 12.5 0.16212925138161047
17.5 13.0 0.1521326247126628
17.5 13.5 0.13151523728053782
17.5 14.0 0.10724385824058355
17.5 14.5 0.12144752141433234
17.5 15.0 0.10005551992752243
17.5 15.5 0.19727454656183394
17.5 16.0 0.16878251169129238
17.5 16.5 0.14250642875864672
17.5 17.0 0.08609387515180505
17.5 17.5 0.058557247673797976
17.5 18.0 0.16849079353864876
17.5 18.5 0.15544351498670902
17.5 19.0 0.10795001718109716
17.5 19.5 0.11105091759751332
17.5 20.0 0.17677420765303548
18.0 10.5 0.10450319232364631
18.0 11.0 0.126994902683189
18.0 11.5 0.1092239566905844
18.0 12.0 0.19258144532124724
18.0 12.5 0.11566513907655152
18.0 13.0 0.08374878008651457
18.0 13.5 0.071133994847448
18.0 14.0 0.10350106839286648
18.0 14.5 0.14771182995928622
18.0 15.0 0.09961919867581327
18.0 15.5 0.12183080855300252
18.0 16.0 0.0875766202166664
18.0 16.5 0.15181820852200623
18.0 17.0 0.07483569632975146
18.0 17.5 0.14053965915427347
18.0 18.0 0.12618533284466366
18.0 18.5 0.1558988159491175
18.0 19.0 0.08672072814936133
18.0 19.5 0.11288150368370461
18.0 20.0 0.1286665781331239
18.5 10.5 0.14363571889627944
18.5 11.0 0.1384308350804275
18.5 11.5 0.12225774176890067
18.5 12.0 0.16098602127686323
18.5 12.5 0.13878468318766576
18.5 13.0 0.13027913447729542
18.5 13.5 0.1520700916655616
18.5 14.0 0.09657159174292283
18.5 14.5 0.10187420602329274
18.5 15.0 0.12323392776286538
18.5 15.5 0.12444608830346356
18.5 16.0 0.08254270377924339
18.5 16.5 0.12290456732819015
18.5 17.0 0.051501035860203916
18.5 17.5 0.08438131226145361
18.5 18.0 0.12916103331510212
18.5 18.5 0.09338956785904479
18.5 19.0 0.21361564773779804
18.5 19.5 0.06524361325921568
18.5 20.0 0.15755699602576712
19.0 10.5 0.07537023095531768
19.0 11.0 0.051407274640905276
19.0 11.5 0.14658822028072235
19.0 12.0 0.08849453165450238
19.0 12.5 0.09233118765805298
19.0 13.0 0.13491593845118377
19.0 13.5 0.10761059271386277
19.0 14.0 0.16309142576261607
19.0 14.5 0.13864506475176355
19.0 15.0 0.1532712292151
19.0 15.5 0.11959908640471023
19.0 16.0 0.07683960280577923
19.0 16.5 0.13957662636339785
19.0 17.0 0.15914788912057726
19.0 17.5 0.09094738084800012
19.0 18.0 0.1821284587927284
19.0 18.5 0.11276539966604827
19.0 19.0 0.06448658648989078
19.0 19.5 0.12348453382276706
19.0 20.0 0.11767660260776384
19.5 10.5 0.184372204570201
19.5 11.0 0.12106718277284437
19.5 11.5 0.14002688839268473
19.5 12.0 0.03690094102156072
19.5 12.5 0.13264292337410966
19.5 13.0 0.11240227120418497
19.5 13.5 0.1569988285524132
19.5 14.0 0.13071703461188253
19.5 14.5 0.13133823475110631
19.5 15.0 0.11313522927336624
19.5 15.5 0.1445503609783821
19.5 16.0 0.08965844159052834
19.5 16.5 0.20034756433361323
19.5 17.0 0.1969313299279134
19.5 17.5 0.15360814732957995
19.5 18.0 0.16871178525761446
19.5 18.5 0.09044899817684363
19.5 19.0 0.12078009267669407
19.5 19.5 0.12273271554335034
19.5 20.0 0.07495727659230397
20.0 10.5 0.1611949858225467
20.0 11.0 0.19595413944889434
20.0 11.5 0.07423913517947339
20.0 12.0 0.05465453632190427
20.0 12.5 0.09430859924163125
20.0 13.0 0.10014479463991326
20.0 13.5 0.07637234553811963
20.0 14.0 0.15451096227634373
20.0 14.5 0.10063219097876687
20.0 15.0 0.1816118535035957
20.0 15.5 0.13631008721497706
20.0 16.0 0.1612223555121417
20.0 16.5 0.12299063985488806
20.0 17.0 0.11142467316593473
20.0 17.5 0.18004793487741305
20.0 18.0 0.17830713181684968
20.0 18.5 0.13936661296597347
20.0 19.0 0.15395492334782776
20.0 19.5 0.1608908803159627
20.0 20.0 0.05928564745304612
