1 1 0.13456974368324465
1 2 0.13045488470312988
1 3 0.11831858079332847
1 4 0.13174398047686275
1 5 0.16174897285475665
1 6 0.16122067724967637
1 7 0.17097395894448336
1 8 0.11746274870210184
1 9 0.11018123459276383
1 10 0.1069487309592275
1 11 0.09907642062637599
1 12 0.0843290227948497
1 13 0.08153278467988109
1 14 0.06572050139463233
1 15 0.05448877984979452
1 16 0.0992642587482805
1 17 0.019364263149514397
1 18 0.06478618933969559
1 19 0.05656042057454827
1 20 0.05968602374738537
2 1 0.13052993108666264
2 2 0.13011757317967482
2 3 0.12538887791837736
2 4 0.10783509335440046
2 5 0.1340691356548004
2 6 0.12179496593380985
2 7 0.12515865182543293
2 8 0.09785201632845845
2 9 0.06488123894332617
2 10 0.08820032497251734
2 11 0.06916762512695956
2 12 0.06555422353472164
2 13 0.08846027156078237
2 14 0.07997081004240847
2 15 0.05623726719869185
2 16 0.07337880325389444
2 17 0.05127705787520544
2 18 0.05655522889886458
2 19 0.04443953193401528
2 20 0.03926762693706543
3 1 0.12960893365517206
3 2 0.12878771797297922
3 3 0.1269447203020676
3 4 0.13272870161601066
3 5 0.1251399241640414
3 6 0.12137000392645919
3 7 0.10927186449905715
3 8 0.08095649791384961
3 9 0.08438003322838541
3 10 0.05659152425722321
3 11 0.049538455327052464
3 12 0.09452477336169147
3 13 0.05652651858457822
3 14 0.09485182563778892
3 15 0.04163121203158291
3 16 0.08208505970422836
3 17 0.08796977996064693
3 18 0.15537194957624798
3 19 0.05708159553075477
3 20 0.051990071082053994
4 1 0.11877896585939574
4 2 0.13386460379420698
4 3 0.12448004464835394
4 4 0.12451647332726937
4 5 0.13004490461711915
4 6 0.12269208768659257
4 7 0.11276693441762144
4 8 0.11081301677863008
4 9 0.10667850732279632
4 10 0.06355036855417076
4 11 0.09216314273634542
4 12 0.09322015807255195
4 13 0.0480527339849913
4 14 0.06750255546775373
4 15 0.06940232985619313
4 16 0.0404758804227449
4 17 0.08656497427180429
4 18 0.04695729373875039
4 19 0.05618523566006269
4 20 0.1229883590985184
5 1 0.13751129673396564
5 2 0.12993338755809328
5 3 0.14469143819985417
5 4 0.13246628039756997
5 5 0.11648726347233143
5 6 0.13063466047673705
5 7 0.12858974343816248
5 8 0.11568995038435878
5 9 0.1422574042797894
5 10 0.05733302053088907
5 11 0.1653085465965574
5 12 0.04002830557340208
5 13 0.07190695354323864
5 14 0.060013603087113586
5 15 0.04234294871803969
5 16 0.1175537897891056
5 17 0.05162443088395701
5 18 0.05307339994396601
5 19 0.061433129447750076
5 20 0.06659031821518974
6 1 0.13180842194920298
6 2 0.1317653289683365
6 3 0.1354108308144129
6 4 0.12286752451957322
6 5 0.1428724337551693
6 6 0.13279713133160248
6 7 0.1289896995715683
6 8 0.12189402915019647
6 9 0.10183161663278753
6 10 0.09047933314219807
6 11 0.1362538231306804
6 12 0.09968098946522874
6 13 0.11409749909264282
6 14 0.05852972247274753
6 15 0.0949364922836492
6 16 0.04433732804618502
6 17 0.13972772005804168
6 18 0.06542123797493234
6 19 0.0752435445733144
6 20 0.1186799832921934
7 1 0.1283969775234201
7 2 0.13841583711603533
7 3 0.13771276513695468
7 4 0.11879172541830077
7 5 0.10702673031680886
7 6 0.1278075325633028
7 7 0.1015109072887988
7 8 0.10279504893797933
7 9 0.09261862873391913
7 10 0.13309255210978801
7 11 0.12394722646140187
7 12 0.09386394174576904
7 13 0.12663707205821326
7 14 0.07388860183826823
7 15 0.09422524653978791
7 16 0.06820638254310168
7 17 0.1595234450915025
7 18 0.041997631201932
7 19 0.0865162203580444
7 20 0.008844713739098967
8 1 0.13309915993537733
8 2 0.126402697281387
8 3 0.12716449489633766
8 4 0.12274176162709738
8 5 0.14302890183565206
8 6 0.1064493745089511
8 7 0.14494807476783564
8 8 0.1160286818754492
8 9 0.17157713336550484
8 10 0.147195675999257
8 11 0.11144351853832875
8 12 0.11767450455472153
8 13 0.09838784600073712
8 14 0.09636457462949957
8 15 0.05390991558654739
8 16 0.03933640897984615
8 17 0.06938122730458345
8 18 0.0891303971411041
8 19 0.12130912584857842
8 20 0.0736602464715733
9 1 0.12152596580078347
9 2 0.14083591756804123
9 3 0.13052164663400923
9 4 0.13469396014498647
9 5 0.14568535109730246
9 6 0.1546857747224406
9 7 0.17853529991041467
9 8 0.10442031192160452
9 9 0.12991565287307139
9 10 0.1474872287146314
9 11 0.11755647562908633
9 12 0.13848054394277498
9 13 0.10044960512682907
9 14 0.1124417573629528
9 15 0.19565450056461992
9 16 0.10772787261745634
9 17 0.10626863833524626
9 18 0.054074424471914656
9 19 0.004458546740227904
9 20 0.11077375089717681
10 1 0.1280879648851136
10 2 0.13390145180018945
10 3 0.1281217936508583
10 4 0.1298436894299936
10 5 0.14689556191805483
10 6 0.1630103429315659
10 7 0.17331733860575166
10 8 0.1131247416971428
10 9 0.11881340687046082
10 10 0.13988992570533607
10 11 0.08648515123605853
10 12 0.1672870437318874
10 13 0.1362607829897379
10 14 0.11390602613325189
10 15 0.11238346303742172
10 16 0.1484107591337194
10 17 0.14909954139881937
10 18 0.06236545422218955
10 19 0.09497198120571383
10 20 0.08056375582859797
11 1 0.1177095267822287
11 2 0.13701892461774975
11 3 0.13434269880588706
11 4 0.11737549368579853
11 5 0.12335105216311172
11 6 0.13257470422138268
11 7 0.17194505507704153
11 8 0.08795377467967057
11 9 0.11895675417193305
11 10 0.1898896969021072
11 11 0.08948780322216644
11 12 0.11458461404802602
11 13 0.09623315454297694
11 14 0.07603839781844496
11 15 0.08419187896202443
11 16 0.13256899495505242
11 17 0.0976854625483575
11 18 0.07571397723785643
11 19 0.10983644296927324
11 20 0.09293281898160193
12 1 0.12639247808130846
12 2 0.1348916077717035
12 3 0.1317918121381026
12 4 0.16418246945242498
12 5 0.12526601564601889
12 6 0.101742844372032
12 7 0.10698042529247638
12 8 0.14329979213583827
12 9 0.12869602599137764
12 10 0.1273157348274575
12 11 0.15751748400580287
12 12 0.03068573824003356
12 13 0.08908616951945386
12 14 0.05290044376262624
12 15 0.12911587845751465
12 16 0.09927517187008511
12 17 0.07325035238258296
12 18 0.1520679663657622
12 19 0.04342061686161929
12 20 0.09219448428382289
13 1 0.12635729541224242
13 2 0.13463845044233946
13 3 0.13643016483878767
13 4 0.1586816741844827
13 5 0.12001216349808087
13 6 0.08138812594548993
13 7 0.1413216109575494
13 8 0.12001519233959149
13 9 0.12284238408071899
13 10 0.17535653466513876
13 11 0.017156281234284965
13 12 0.1731159549110027
13 13 0.22240950348662986
13 14 0.1351270525731313
13 15 0.07583850022153163
13 16 0.1582920687086329
13 17 0.11144629588463392
13 18 0.13755429873176397
13 19 0.1178305241562647
13 20 0.05675722960316715
14 1 0.12935908924347772
14 2 0.1228319638094162
14 3 0.12923808535197892
14 4 0.13880709864741855
14 5 0.11604575410212598
14 6 0.13130501219965907
14 7 0.16131037170329574
14 8 0.14356509542459076
14 9 0.0949318337772673
14 10 0.10739663097763227
14 11 0.22138338537213684
14 12 0.17778534817406638
14 13 0.13934974612652287
14 14 0.13804333422137727
14 15 0.0778833465981028
14 16 0.07012912857890878
14 17 0.09115811624171503
14 18 0.19782769392967964
14 19 0.04513120739199579
14 20 0.14206952127018171
15 1 0.13266927684689953
15 2 0.14822571792044145
15 3 0.1265851279784406
15 4 0.1400144404418878
15 5 0.11703469349183049
15 6 0.12526020864469506
15 7 0.1432830364552185
15 8 0.1317762222305108
15 9 0.1136303743262888
15 10 0.12376007427933844
15 11 0.15044248469209623
15 12 0.10341968144206654
15 13 0.1728806450796014
15 14 0.12426024777454633
15 15 0.0904989152291718
15 16 0.070271511377133
15 17 0.12555489215457083
15 18 0.23262059925254375
15 19 0.09664289264325163
15 20 0.09271403665994386
16 1 0.13301166602726766
16 2 0.13137531336043282
16 3 0.13578457120032872
16 4 0.10960397070787593
16 5 0.16437333395132644
16 6 0.11603945373256877
16 7 0.1256948496327538
16 8 0.14173157880569026
16 9 0.14813463940325552
16 10 0.11711093411276847
16 11 0.19636938748188523
16 12 0.10400999089637343
16 13 0.11855984181384956
16 14 0.15619566950067684
16 15 0.1989245297771546
16 16 0.22270073692206843
16 17 0.15664021625479274
16 18 0.16307457325618524
16 19 0.11167906640662335
16 20 0.11089947217086371
17 1 0.12441383800447432
17 2 0.12733290584439894
17 3 0.1082075626312066
17 4 0.1546557225621329
17 5 0.12379480838748926
17 6 0.09610670019806397
17 7 0.15009562574069507
17 8 0.10717391498125611
17 9 0.16141309584179325
17 10 0.11668667984431207
17 11 0.058596590577460056
17 12 0.023005976513113476
17 13 0.07493328002175238
17 14 0.13485178593583907
17 15 0.09534862295857305
17 16 0.14046156753637973
17 17 0.20569361431358335
17 18 0.17894426660681917
17 19 0.12922690832511188
17 20 0.1586517602013305
18 1 0.1238244313757833
18 2 0.14052488003772187
18 3 0.13278786657636435
18 4 0.10291647492318967
18 5 0.12355281894753495
18 6 0.1753349977185202
18 7 0.1534398156535049
18 8 0.1673602548585903
18 9 0.14883911692694568
18 10 0.07715928257202863
18 11 0.1057023604056557
18 12 0.18544323128761303
18 13 0.11579988297586953
18 14 0.09973442529762686
18 15 0.1981668180965454
18 16 0.21683608029012869
18 17 0.10119999528427553
18 18 0.1359461496194866
18 19 0.16838125908614654
18 20 0.10073554598390727
19 1 0.13535978166513007
19 2 0.126221503041749
19 3 0.12902180427538856
19 4 0.14518875451233812
19 5 0.1468671835322099
19 6 0.1617839436755706
19 7 0.1811190166224657
19 8 0.11405579842196094
19 9 0.11971581752784681
19 10 0.14537341898814188
19 11 0.11749922121574595
19 12 0.11435957706727976
19 13 0.06622609377064537
19 14 0.2304005643400392
19 15 0.17041848793834988
19 16 0.11652267126678778
19 17 0.18046610882180597
19 18 0.09164026593183396
19 19 0.16047057527382003
19 20 0.12621459104380967
20 1 0.1304696715129752
20 2 0.1267032018003279
20 3 0.09435596482129004
20 4 0.1253130728498431
20 5 0.11702981109974572
20 6 0.1504625070644333
20 7 0.07081949314672326
20 8 0.12515360603036843
20 9 0.1075952936853116
20 10 0.14735080573623208
20 11 0.16262250011097593
20 12 0.10153545787747797
20 13 0.09768484394254301
20 14 0.08762094950595245
20 15 0.10569786010502485
20 16 0.17284566121472708
20 17 0.19334683426081994
20 18 0.13903097467633901
20 19 0.08732033153968642
20 20 0.1345524868895709
