10.5 0.0 0.13680306644327234
10.5 0.5 0.12286355811499687
10.5 1.0 0.13600705183509165
10.5 1.5 0.1232022815189152
10.5 2.0 0.128347864338074
10.5 2.5 0.12996159890623507
10.5 3.0 0.12071256302747703
10.5 3.5 0.11834875021906925
10.5 4.0 0.1466653776317002
10.5 4.5 0.1288624234811229
10.5 5.0 0.13879373930059935
10.5 5.5 0.10050623013701436
10.5 6.0 0.11098173266480227
10.5 6.5 0.15764640822989995
10.5 7.0 0.11991358980966081
10.5 7.5 0.06838764922727736
10.5 8.0 0.18758077383393945
10.5 8.5 0.06796549698953606
10.5 9.0 0.23556701865585056
10.5 9.5 0.19554936976033396
11.0 0.0 0.13343787749922717
11.0 0.5 0.1370508194825439
11.0 1.0 0.11843078814351467
11.0 1.5 0.11466881634640284
11.0 2.0 0.13593381185903264
11.0 2.5 0.12698660363240138
11.0 3.0 0.12217522704770495
11.0 3.5 0.15422522974093214
11.0 4.0 0.15029859174322863
11.0 4.5 0.11258213401041765
11.0 5.0 0.10188492549260415
11.0 5.5 0.08961932133711237
11.0 6.0 0.1316132547745517
11.0 6.5 0.09149636035270574
11.0 7.0 0.1942131020525094
11.0 7.5 0.09627277724399667
11.0 8.0 0.19267847942849067
11.0 8.5 0.13079396301866
11.0 9.0 0.08398558208178565
11.0 9.5 0.10992089487916255
11.5 0.0 0.13846128512089154
11.5 0.5 0.14557785959323055
11.5 1.0 0.14258073024774853
11.5 1.5 0.11363922067524661
11.5 2.0 0.12336843216670809
11.5 2.5 0.12356029685942423
11.5 3.0 0.125897194199063
11.5 3.5 0.09530476824268605
11.5 4.0 0.10747069599762395
11.5 4.5 0.10164881318891142
11.5 5.0 0.10372211466185537
11.5 5.5 0.1384840066065497
11.5 6.0 0.1095688269263483
11.5 6.5 0.1555450161280392
11.5 7.0 0.11413843452610836
11.5 7.5 0.13116182713296265
11.5 8.0 0.10949542201055376
11.5 8.5 0.22094582788733597
11.5 9.0 0.1647665210064431
11.5 9.5 0.11831221435835053
12.0 0.0 0.12315629062779954
12.0 0.5 0.1284407181138775
12.0 1.0 0.11021065138431624
12.0 1.5 0.1177603415122033
12.0 2.0 0.12611626053848876
12.0 2.5 0.12668825593149657
12.0 3.0 0.12846686158719806
12.0 3.5 0.15785068466624802
12.0 4.0 0.12683794111248156
12.0 4.5 0.12862653240640604
12.0 5.0 0.11695649452563725
12.0 5.5 0.19125300124557407
12.0 6.0 0.12916151580481275
12.0 6.5 0.09764677008293282
12.0 7.0 0.11856833325329029
12.0 7.5 0.10124447108950647
12.0 8.0 0.08914896678392589
12.0 8.5 0.04708036714559802
12.0 9.0 0.11052500125637181
12.0 9.5 0.0749283356348551
12.5 0.0 0.12478294518214572
12.5 0.5 0.1134799004275307
12.5 1.0 0.1156972997031459
12.5 1.5 0.13256624403461506
12.5 2.0 0.14571031586646582
12.5 2.5 0.12208481525576664
12.5 3.0 0.11176774973908696
12.5 3.5 0.10635893841272775
12.5 4.0 0.12765870558887982
12.5 4.5 0.13367692047948443
12.5 5.0 0.15229464798292108
12.5 5.5 0.13519431535289253
12.5 6.0 0.13534180795867465
12.5 6.5 0.1655204640922177
12.5 7.0 0.10281298971989228
12.5 7.5 0.10860079411652182
12.5 8.0 0.1268264377088626
12.5 8.5 0.11830873598254421
12.5 9.0 0.15878172463997028
12.5 9.5 0.13581519447847287
13.0 0.0 0.13826772941919732
13.0 0.5 0.12118989247600252
13.0 1.0 0.1255993819687157
13.0 1.5 0.12744394032619316
13.0 2.0 0.13744460268421796
13.0 2.5 0.10350638216361055
13.0 3.0 0.1351491332084151
13.0 3.5 0.12890873712968298
13.0 4.0 0.1174447631188445
13.0 4.5 0.1189449130811555
13.0 5.0 0.11167571433244179
13.0 5.5 0.09465654656036934
13.0 6.0 0.12544166184038144
13.0 6.5 0.14474535674140723
13.0 7.0 0.16947061917615258
13.0 7.5 0.07017160329584145
13.0 8.0 0.06687106326588788
13.0 8.5 0.14723528548787973
13.0 9.0 0.24680785829613247
13.0 9.5 0.09207012133545528
13.5 0.0 0.11363488445392189
13.5 0.5 0.1277780240460573
13.5 1.0 0.11489935909579474
13.5 1.5 0.11497012273297641
13.5 2.0 0.11799570606869639
13.5 2.5 0.12538007401724227
13.5 3.0 0.14498966868388574
13.5 3.5 0.1433959014446066
13.5 4.0 0.1151120439066014
13.5 4.5 0.14333917159529944
13.5 5.0 0.1139592146902295
13.5 5.5 0.08494405884398264
13.5 6.0 0.10345742853184296
13.5 6.5 0.1391627271400956
13.5 7.0 0.10282868693814397
13.5 7.5 0.11117878969293607
13.5 8.0 0.13962900035046094
13.5 8.5 0.12306062043540388
13.5 9.0 0.10375620628532418
13.5 9.5 0.08672674720398632
14.0 0.0 0.1330463113668789
14.0 0.5 0.1320031231537183
14.0 1.0 0.1321685688207324
14.0 1.5 0.12905914476973693
14.0 2.0 0.1335463685974714
14.0 2.5 0.1262753419401238
14.0 3.0 0.1149593727743937
14.0 3.5 0.12804299729098634
14.0 4.0 0.1597093808514458
14.0 4.5 0.0979538211593752
14.0 5.0 0.11681807976875624
14.0 5.5 0.13375131020990166
14.0 6.0 0.09381511206246795
14.0 6.5 0.13332723292907087
14.0 7.0 0.11727971105403952
14.0 7.5 0.0650667445370877
14.0 8.0 0.1354069740014516
14.0 8.5 0.09771653538096965
14.0 9.0 0.11653638680858863
14.0 9.5 0.12557132985433478
14.5 0.0 0.11935799274920418
14.5 0.5 0.12177215612541048
14.5 1.0 0.13064890347909158
14.5 1.5 0.13243812928828574
14.5 2.0 0.1382865297048834
14.5 2.5 0.12895094881070995
14.5 3.0 0.12707429574647053
14.5 3.5 0.1480218432179926
14.5 4.0 0.1221875320090949
14.5 4.5 0.10775656589248184
14.5 5.0 0.10985035174420636
14.5 5.5 0.11637860151653094
14.5 6.0 0.09993280209846887
14.5 6.5 0.16796008650521174
14.5 7.0 0.10975771610933979
14.5 7.5 0.0955052435563022
14.5 8.0 0.14405812217684374
14.5 8.5 0.12599623148827327
14.5 9.0 0.08112131747740768
14.5 9.5 0.16099374724390728
15.0 0.0 0.137052493852435
15.0 0.5 0.13349836161738293
15.0 1.0 0.13721804781913335
15.0 1.5 0.12053334271249536
15.0 2.0 0.13269802535632624
15.0 2.5 0.12659298860428553
15.0 3.0 0.13298934503728427
15.0 3.5 0.13500800957224077
15.0 4.0 0.11048153479447392
15.0 4.5 0.13563266411657277
15.0 5.0 0.1354589684669973
15.0 5.5 0.10342116563756491
15.0 6.0 0.10192308894515893
15.0 6.5 0.10208696606321102
15.0 7.0 0.12029976873892935
15.0 7.5 0.22297010038991633
15.0 8.0 0.14006769847251277
15.0 8.5 0.15151112702335964
15.0 9.0 0.1000088371388005
15.0 9.5 0.11916418042586416
15.5 0.0 0.13537563029492197
15.5 0.5 0.13396537867536287
15.5 1.0 0.11617182369696329
15.5 1.5 0.1379080026540244
15.5 2.0 0.11380171300584217
15.5 2.5 0.11549240593246
15.5 3.0 0.15067388705608376
15.5 3.5 0.10212438553047047
15.5 4.0 0.15892443992098085
15.5 4.5 0.13301852836992023
15.5 5.0 0.13778048930981682
15.5 5.5 0.12135963251592471
15.5 6.0 0.1405356835782727
15.5 6.5 0.1354955744746904
15.5 7.0 0.1633390802869704
15.5 7.5 0.20049721417504976
15.5 8.0 0.11281456813349085
15.5 8.5 0.1221884616329377
15.5 9.0 0.11575023778127665
15.5 9.5 0.21905990863801733
16.0 0.0 0.13379864545030443
16.0 0.5 0.12932933428890614
16.0 1.0 0.13563609414135827
16.0 1.5 0.13140995004774436
16.0 2.0 0.12887147985891412
16.0 2.5 0.12982799095581832
16.0 3.0 0.13497300242047788
16.0 3.5 0.12190373583447563
16.0 4.0 0.11293752963233913
16.0 4.5 0.17058656264977692
16.0 5.0 0.1327266824264744
16.0 5.5 0.20475630489484653
16.0 6.0 0.15427811034840397
16.0 6.5 0.11216300698038204
16.0 7.0 0.12884227285776995
16.0 7.5 0.15519900981590354
16.0 8.0 0.08923694843684712
16.0 8.5 0.14371062205343874
16.0 9.0 0.15126956761942437
16.0 9.5 0.17385233969398473
16.5 0.0 0.11716186505073475
16.5 0.5 0.13319682768815397
16.5 1.0 0.12092598380230861
16.5 1.5 0.11934061442550106
16.5 2.0 0.12912225528323235
16.5 2.5 0.13155491711018133
16.5 3.0 0.12180000746108607
16.5 3.5 0.11039560379139321
16.5 4.0 0.14571173712322466
16.5 4.5 0.1035698423592422
16.5 5.0 0.11275917670490448
16.5 5.5 0.10233347611440236
16.5 6.0 0.13403862432937308
16.5 6.5 0.18033369451101378
16.5 7.0 0.17581625695304212
16.5 7.5 0.13307450481634084
16.5 8.0 0.16871648482402776
16.5 8.5 0.14395620646285623
16.5 9.0 0.09328108271625346
16.5 9.5 0.068291404211314
17.0 0.0 0.1290639740330587
17.0 0.5 0.1295324195272018
17.0 1.0 0.12043048096404034
17.0 1.5 0.1310800278004582
17.0 2.0 0.13154278784934198
17.0 2.5 0.1514891193152031
17.0 3.0 0.10405207859715823
17.0 3.5 0.13801509016636357
17.0 4.0 0.15245741545267813
17.0 4.5 0.14812219739538418
17.0 5.0 0.18712519750977535
17.0 5.5 0.13563899626545164
17.0 6.0 0.14432411417048846
17.0 6.5 0.12787853081722217
17.0 7.0 0.18382390232506232
17.0 7.5 0.09296686658907437
17.0 8.0 0.07949371704613452
17.0 8.5 0.10325454483669898
17.0 9.0 0.10153751169197532
17.0 9.5 0.14431389822993604
17.5 0.0 0.13682405385322713
17.5 0.5 0.1276289416584603
17.5 1.0 0.12576185883419863
17.5 1.5 0.12022774028882459
17.5 2.0 0.13039204245300956
17.5 2.5 0.11855708277997858
17.5 3.0 0.11053397981157215
17.5 3.5 0.12756308302530378
17.5 4.0 0.13116534669712374
17.5 4.5 0.12255058826812937
17.5 5.0 0.10383748714483992
17.5 5.5 0.17035665437043407
17.5 6.0 0.13868111999210395
17.5 6.5 0.1782132731372053
17.5 7.0 0.09276956195905753
17.5 7.5 0.10445985210091197
17.5 8.0 0.15725075460373328
17.5 8.5 0.1450813873615969
17.5 9.0 0.16207289843311712
17.5 9.5 0.1211949622274085
18.0 0.0 0.12830468349979082
18.0 0.5 0.1315292133717645
18.0 1.0 0.12693453489614973
18.0 1.5 0.13486120944481692
18.0 2.0 0.12245656160724681
18.0 2.5 0.14292045231067896
18.0 3.0 0.14115910163861847
18.0 3.5 0.14641437826359158
18.0 4.0 0.16124822289871862
18.0 4.5 0.10384625761012396
18.0 5.0 0.16885762208306393
18.0 5.5 0.11007584332339622
18.0 6.0 0.11636840331707933
18.0 6.5 0.11555713681729685
18.0 7.0 0.12339811707447602
18.0 7.5 0.17034083989638954
18.0 8.0 0.17388819539244416
18.0 8.5 0.11540762581218555
18.0 9.0 0.1491781117147497
18.0 9.5 0.10821825280869744
18.5 0.0 0.12383333830727303
18.5 0.5 0.1179899188191758
18.5 1.0 0.1395328132341129
18.5 1.5 0.1320402703031134
18.5 2.0 0.12162938463242277
18.5 2.5 0.12773196779896215
18.5 3.0 0.13806536264595054
18.5 3.5 0.11853747629627222
18.5 4.0 0.13630795552234354
18.5 4.5 0.1465052574175649
18.5 5.0 0.11013407715717814
18.5 5.5 0.0979887837071675
18.5 6.0 0.07352418175747256
18.5 6.5 0.13766944683517604
18.5 7.0 0.14190803127458484
18.5 7.5 0.07966019784674326
18.5 8.0 0.08653096889160229
18.5 8.5 0.07337818671658526
18.5 9.0 0.1112152817141862
18.5 9.5 0.11551348644256905
19.0 0.0 0.13123032400384882
19.0 0.5 0.1351156276467232
19.0 1.0 0.13918090963644128
19.0 1.5 0.12909412336823306
19.0 2.0 0.1288541643845106
19.0 2.5 0.13103504134855434
19.0 3.0 0.12749200239271646
19.0 3.5 0.1365006413315791
19.0 4.0 0.11324094242211605
19.0 4.5 0.12512586591360875
19.0 5.0 0.07664346712522505
19.0 5.5 0.16291730301411927
19.0 6.0 0.04678140707413486
19.0 6.5 0.09688536508950638
19.0 7.0 0.1376783654662496
19.0 7.5 0.1448306237065229
19.0 8.0 0.09019400306754635
19.0 8.5 0.10483497134780548
19.0 9.0 0.1534018270584394
19.0 9.5 0.11387963572132566
19.5 0.0 0.12589498132116533
19.5 0.5 0.12596921062564273
19.5 1.0 0.12406950038080414
19.5 1.5 0.1267039565596113
19.5 2.0 0.13701530239451454
19.5 2.5 0.10917543676126844
19.5 3.0 0.12918835563871892
19.5 3.5 0.10158332151615015
19.5 4.0 0.12555332346286618
19.5 4.5 0.16836101805969295
19.5 5.0 0.1530312702313356
19.5 5.5 0.10186564830318597
19.5 6.0 0.09480015454787058
19.5 6.5 0.07077076892914076
19.5 7.0 0.1544920438050606
19.5 7.5 0.10201340949122432
19.5 8.0 0.12569336271374984
19.5 8.5 0.10696720348867447
19.5 9.0 0.09511948296166464
19.5 9.5 0.10480282004240045
20.0 0.0 0.1341099291252711
20.0 0.5 0.13308789667229046
20.0 1.0 0.13232742491582491
20.0 1.5 0.1282126965497298
20.0 2.0 0.1326513269019615
20.0 2.5 0.12229432871062623
20.0 3.0 0.14885960868413786
20.0 3.5 0.1350030584922713
20.0 4.0 0.0873456137722756
20.0 4.5 0.11392625219109863
20.0 5.0 0.15913131059165775
20.0 5.5 0.11971625248541366
20.0 6.0 0.1724882574728116
20.0 6.5 0.07623299675731789
20.0 7.0 0.15128685663219382
20.0 7.5 0.1238280564210997
20.0 8.0 0.13037931950258305
20.0 8.5 0.09713249610994071
20.0 9.0 0.09392009658094609
20.0 9.5 0.04985530418729108
